0.012004 0.019266
0.011699 -0.026354
0.019738 -0.010331
-0.050907 -0.026719
0.053074 0.039423
0.020332 -0.009737
0.035149 0.006494
-0.018016 -0.029411
-0.001866 0.037368
0.072021 -0.074576
-0.015684 0.051020
0.111630 -0.018804
-0.008423 -0.071713
-0.029733 -0.026627
0.015127 -0.046244
0.103102 0.053514
0.033960 -0.008237
-0.064788 0.053249
-0.083257 0.042056
-0.019302 0.092650
0.073037 -0.010638
-0.080874 0.035592
0.081723 0.042867
0.027366 -0.025339
-0.072621 0.081513
0.096036 0.014211
-0.043283 -0.005549
0.040549 0.076698
0.059880 -0.003872
0.005343 -0.035899
0.018975 0.042467
-0.052061 0.095634
0.014817 0.010384
-0.086396 -0.056604
-0.029049 -0.054053
-0.032965 -0.034958
0.020807 0.064270
-0.036006 -0.072355
-0.074557 0.055795
-0.003131 0.038556
-0.045083 -0.048594
-0.078924 0.065824
-0.019499 -0.042879
-0.099034 0.015871
0.008843 0.039624
-0.048076 -0.020808
-0.033379 0.065851
-0.130650 -0.005465
-0.062862 0.025356
0.048748 -0.035174
0.074451 -0.012805
0.014035 -0.073929
-0.098506 0.046696
0.097149 -0.084012
-0.028771 -0.045204
0.026482 0.037694
0.057270 -0.031842
-0.085764 -0.055602
0.044044 0.078868
0.000289 -0.083932
-0.106729 0.005982
-0.055785 0.048969
-0.085077 -0.052151
0.032197 -0.054918
-0.028727 -0.039103
0.068079 0.077627
0.069296 0.040512
0.108956 0.019129
-0.030181 -0.063379
0.055284 0.051418
0.049781 -0.074050
-0.017666 -0.010314
0.034464 0.055378
0.079849 -0.071963
-0.039525 -0.023018
0.107231 -0.035853
-0.012899 -0.075677
0.008581 0.006532
0.034761 -0.077178
0.103175 0.043799
0.104678 -0.015785
-0.066406 0.042143
-0.081707 0.034675
-0.012646 0.086114
0.061959 -0.008906
-0.102368 0.014235
0.025878 0.032375
-0.015430 -0.025911
0.106650 -0.012833
0.017164 -0.014661
-0.051901 -0.019410
-0.033213 0.003959
0.017587 0.037794
0.103352 -0.051598
0.003561 -0.085435
0.070649 0.075009
-0.006531 -0.033360
-0.037607 0.121032
0.076547 -0.029623
-0.088463 -0.050762
-0.057383 0.033591
0.001433 0.015832
0.047201 0.044146
0.005318 0.026495
0.070056 0.069678
-0.013565 0.026070
0.084964 -0.057436
0.052180 0.014324
0.002161 0.038252
0.100058 0.124432
0.080381 -0.058945
-0.111971 0.038007
0.035883 0.030659
-0.122937 0.006117
-0.006264 0.081576
-0.006746 -0.035574
-0.023656 -0.073140
0.005847 0.009730
-0.012969 0.010720
-0.029025 0.022658
-0.078031 0.015902
0.012491 -0.057709
0.050002 0.019909
0.010697 -0.003724
-0.021777 -0.029287
-0.107602 0.055044
0.072801 0.079451
-0.082717 -0.077507
-0.030657 0.088603
0.047785 -0.120986
-0.075977 -0.016375
0.053534 0.028788
0.069116 -0.052896
0.022849 -0.015796
-0.048493 -0.022959
-0.010806 0.003256
0.001063 -0.096829
0.016206 -0.055629
-0.033605 0.050545
-0.017490 0.006841
-0.003372 -0.022897
-0.053819 -0.078871
-0.022698 0.023183
0.127207 -0.061313
-0.085350 -0.032874
0.137817 -0.003136
0.025445 -0.105719
-0.034840 0.090492
0.009003 0.052441
0.032966 0.029621
0.055147 0.015164
0.001484 0.000716
0.114123 0.004986
0.046197 0.017561
-0.035870 -0.028180
-0.028462 -0.015925
0.043732 -0.037984
0.071242 -0.041884
-0.048519 -0.070131
0.076428 0.084756
-0.001057 -0.070350
-0.000572 0.091282
0.072925 -0.014106
-0.037310 -0.008821
-0.085870 0.029943
0.004655 0.038902
0.022820 0.021139
0.011108 -0.031110
-0.011709 0.076769
0.042559 0.022859
0.009439 0.008630
0.009809 0.120889
-0.034677 0.129897
0.103359 -0.072100
-0.005664 -0.051178
0.020712 0.036349
0.020829 -0.078718
-0.024481 0.103249
0.097833 -0.070858
0.022774 -0.063132
0.033674 -0.015058
0.068495 0.079104
0.088423 0.019478
0.007470 -0.003363
0.002500 0.024460
0.004921 0.066071
-0.080862 -0.033219
-0.061889 -0.018018
-0.107438 -0.041651
0.078979 0.092369
0.012011 -0.039402
-0.084990 0.061444
0.032714 0.012870
-0.140865 -0.053878
0.043084 0.089308
0.071149 0.006177
0.053944 0.056670
-0.066388 0.085617
-0.030093 0.086584
-0.019217 0.019817
0.018388 -0.037207
-0.046297 0.021656
-0.016816 -0.056711
-0.009820 -0.033338
-0.042388 -0.117153
-0.069157 0.041533
0.047434 0.046708
-0.017266 -0.104565
-0.023164 0.050476
0.043580 -0.101377
-0.107658 0.035315
-0.006009 0.027834
-0.062661 -0.001353
-0.072122 0.000367
-0.090475 -0.043221
-0.010309 -0.024866
-0.003818 0.024909
0.047026 -0.055997
0.040034 -0.013567
0.098011 -0.027349
0.064968 0.034937
-0.055809 -0.106359
0.011850 0.070960
0.076184 -0.048193
-0.042647 -0.058523
0.143656 0.073214
-0.027963 -0.109968
-0.054502 0.010981
-0.005591 -0.077022
0.011983 -0.028835
0.065842 -0.064015
0.014899 0.035423
0.029677 0.075742
0.038800 -0.009290
0.003237 -0.012386
0.008348 0.087001
-0.020317 0.103367
0.081602 -0.043451
-0.020878 0.002463
0.016012 0.062458
0.055633 -0.030079
-0.045769 0.143765
0.099802 -0.010005
-0.014204 -0.047388
-0.002373 -0.064608
0.056210 -0.010272
0.068074 0.058942
0.006417 0.019452
0.040143 -0.006093
-0.065254 0.008096
0.015164 0.113375
0.117582 0.056674
0.002868 -0.020162
0.031427 0.134047
-0.016628 -0.018789
-0.014805 0.036359
-0.019054 -0.014463
0.067953 0.003505
0.041568 -0.024815
0.087410 0.068406
0.104070 0.004814
-0.076934 -0.065352
-0.008990 0.019591
0.092995 0.034986
0.034369 0.041397
0.029547 -0.047818
-0.082931 -0.009740
-0.032410 0.117016
-0.021246 0.031045
-0.150235 0.064028
0.035378 -0.065115
-0.036682 -0.070600
0.020894 -0.029417
0.033652 0.062978
0.058981 0.028356
-0.081089 0.064365
0.006446 0.098164
0.030726 -0.063671
-0.032798 -0.003348
-0.029346 0.025985
-0.003818 0.013218
0.054856 0.032064
-0.009166 -0.061317
-0.143611 -0.059837
-0.011355 0.058733
-0.075397 -0.114302
0.019522 0.046501
0.036502 -0.038120
0.031508 0.026449
-0.065380 0.004094
-0.023138 0.028924
-0.069399 -0.077804
-0.086518 -0.028405
0.036201 0.012143
-0.014512 -0.043145
-0.025276 -0.027743
-0.030486 -0.024850
0.008557 0.033693
0.109048 0.037388
0.051841 -0.136845
0.004810 0.016989
0.145140 -0.078789
-0.009581 0.000495
0.021099 -0.008609
-0.042967 0.050869
-0.007098 -0.044171
-0.029095 -0.051267
0.108842 -0.052357
-0.000377 -0.096502
-0.053534 0.076297
0.029661 -0.031009
0.017893 -0.070316
0.021072 0.022268
-0.035570 0.007477
-0.012848 0.114180
0.101532 0.054954
0.028565 -0.022481
0.069036 0.115396
-0.041682 -0.041912
-0.048166 0.027168
-0.050790 -0.045106
0.086386 0.034949
0.011328 -0.038790
0.028577 0.108681
0.105977 0.010322
-0.123545 -0.008439
0.038958 0.048915
0.089535 -0.073461
-0.005931 -0.020026
-0.028705 0.038063
-0.052267 0.011414
-0.052465 -0.043658
-0.052079 -0.028864
0.081381 -0.052229
-0.060211 -0.129833
-0.024957 0.038022
-0.078516 -0.031696
-0.005473 0.079935
0.037930 -0.015752
-0.132358 -0.030708
-0.064255 0.041594
-0.048600 -0.088803
-0.024514 -0.040635
0.057198 0.035336
0.032048 0.035154
-0.058365 -0.069086
0.003703 -0.040488
0.082952 -0.029122
0.032275 -0.020055
0.013777 0.073729
0.076338 -0.058917
-0.020246 0.012360
0.026289 -0.072598
-0.090343 -0.087609
0.042702 0.030659
0.029272 -0.089738
-0.047182 -0.048036
0.066700 0.012228
0.024327 -0.019677
0.004797 0.034677
0.001280 0.016581
-0.010022 -0.052740
0.007419 0.016511
0.023983 0.112480
0.064158 0.032711
-0.124553 0.023458
0.073616 0.158201
0.024752 -0.038908
0.042645 0.037892
-0.002563 -0.073115
-0.053953 0.044930
0.143350 0.004046
0.023310 -0.035800
0.046496 0.048965
0.013810 0.075901
-0.003368 -0.010822
-0.032302 -0.012095
0.054795 0.048204
0.028408 0.003445
-0.066069 0.050127
0.002881 0.039016
-0.053030 -0.099220
-0.146312 0.078796
0.040700 -0.010992
-0.047619 0.079332
0.109626 -0.002129
-0.032727 -0.014609
-0.038228 0.135889
0.029769 0.057366
-0.096849 0.043268
-0.042309 -0.029969
0.034677 -0.009862
0.019961 -0.012271
-0.063549 0.086711
-0.016742 -0.009432
-0.066212 -0.079218
-0.057790 -0.026937
0.100889 0.012659
-0.057157 -0.104177
0.008168 0.052809
-0.082794 -0.021601
-0.017526 0.144165
0.057785 -0.023864
-0.123053 -0.016696
-0.040767 0.010603
-0.056311 -0.095524
-0.005728 -0.052617
-0.043299 -0.003792
0.083799 0.043476
-0.032427 -0.090663
-0.049130 0.090282
-0.008658 -0.012604
-0.065506 0.012136
-0.105791 0.038743
-0.034543 0.038407
0.085834 0.010053
0.033719 -0.025620
-0.094160 -0.021860
-0.092125 -0.000384
0.001557 -0.079095
0.058624 -0.067029
-0.008488 -0.048911
0.036342 0.054050
0.019048 -0.089205
-0.070031 0.067649
0.106200 -0.031011
-0.076031 -0.029156
-0.053687 -0.013000
-0.008291 -0.045235
-0.060743 -0.086532
-0.014556 0.003211
-0.014390 0.083395
0.000319 0.011304
0.082213 -0.005448
0.001366 -0.032743
0.057322 0.044404
0.059906 0.084111
0.020491 -0.016803
-0.061453 0.049289
0.107864 0.064568
-0.087848 -0.043119
0.028420 0.035483
0.079808 -0.110778
-0.018886 -0.009537
0.049613 -0.014377
0.130388 -0.033490
0.091732 -0.029725
-0.094117 -0.038278
-0.029748 -0.004558
0.011987 0.018417
0.059544 0.006325
-0.007955 0.061840
-0.083744 0.066458
0.047543 0.053848
-0.030084 -0.056855
-0.000691 0.104063
0.082887 -0.033077
-0.051487 0.019539
0.132861 0.024184
0.018360 0.002814
-0.026926 0.127663
0.039993 0.091156
0.014860 0.026667
0.020028 -0.118235
0.025070 0.013832
-0.029067 0.054849
-0.000057 0.092364
-0.039204 -0.032942
-0.010835 -0.092264
-0.014666 0.047661
0.084160 -0.014524
-0.100302 -0.053798
0.036847 0.098908
-0.023462 -0.044282
-0.047663 0.074503
-0.007610 -0.022402
-0.042592 0.015897
-0.078073 0.004231
0.003293 -0.027006
0.114914 -0.040696