0.317848
3.018292
1.454343
-1.042104
1.458167
-1.264144
0.708015
-1.386798
-1.553993
0.056272
-1.059848
-1.574685
0.441855
1.235527
2.021377
0.860169
0.918449
0.258247
2.468534
1.032941
2.692478
1.475729
-0.631470
3.192001
0.535685
-0.092740
1.402260
-1.538382
0.884785
0.822000
-1.021507
-1.636977
-1.188803
-0.851725
-0.783880
1.529068
1.729732
0.059865
-1.259287
-0.213545
2.624550
1.373512
0.749108
-1.925456
1.098660
0.684280
-0.724741
1.353289
-0.200376
-0.833871
1.776162
-2.381435
0.128279
3.465440
-0.557917
-3.066648
0.927401
-0.240889
-1.081664
0.841527
-0.993502
-0.064608
-2.643915
2.581550
-0.707386
-2.187609
0.075937
-0.297372
0.878230
1.740772
0.159282
-1.349471
1.029632
2.952373
1.459024
-1.399312
0.774615
-1.280283
0.306725
0.715625
0.208290
-0.759381
-1.094646
1.793235
-0.040560
2.087103
-0.352831
-0.367450
2.903276
-0.160026
-1.347309
-2.695065
1.919386
1.021531
-1.299340
-0.721016
1.183432
0.740268
-2.354789
-0.157442
0.238014
0.749700
-2.648763
0.818009
-0.384313
-1.376674
0.301965
1.304122
0.101080
-1.446608
0.533288
-0.435821
-1.977716
1.605895
0.886345
1.764562
-0.330103
-0.624216
-0.233347
0.523472
-0.423176
-0.574027
-1.042931
-2.242263
-1.504952
-0.674149
-2.111423
-0.531816
-0.677387
-0.899979
-0.698565
-0.976176
-1.022055
-1.008758
-0.070545
-1.090432
-3.641146
-1.486150
1.195970
1.959722
2.380324
0.058536
-0.239132
1.237920
-1.208373
-0.975261
0.971909
1.140359
-0.762414
0.328451
-0.045000
1.965767
-1.219757
0.414536
-1.924187
-1.594141
0.421275
0.407608
-2.029001
1.206512
2.341111
2.332717
-0.284895
0.618376
1.661644
-0.772654
-1.225576
0.034007
-0.904982
0.743267
1.310131
1.190060
-1.173404
-1.014029
0.387262
1.071800
-0.362976
1.074894
0.123267
-1.033128
0.902252
-1.556620
-1.615499
2.604553
-0.231505
-0.913067
0.704359
1.023634
1.290043
-0.419899
1.475274
-2.447319
